0.36458334,0.9875,0.0,3,rectangleH
0.4548611,0.9875,0.0,3,rectangleH
0.5451389,0.9875,0.0,3,rectangleH
0.6354166,0.9875,0.0,3,rectangleH
0.7256944,0.9875,0.0,3,rectangleH
0.81597227,0.9875,0.0,3,rectangleH
0.90625006,0.9875,0.0,3,rectangleH
0.048611116,0.9583333,0.0,4,rectangleH
0.1388889,0.9583333,0.0,4,rectangleH
0.22916666,0.9583333,0.0,4,rectangleH
0.31944442,0.9583333,0.0,4,rectangleH
0.40972224,0.9583333,0.0,4,rectangleH
0.5,0.9583333,0.0,4,rectangleH
0.5902778,0.9583333,0.0,4,rectangleH
0.36458334,0.9291667,0.0,1,rectangleH
0.4548611,0.9291667,0.0,1,rectangleH
0.5451389,0.9291667,0.0,1,rectangleH
0.6354166,0.9291667,0.0,1,rectangleH
0.7256944,0.9291667,0.0,1,rectangleH
0.81597227,0.9291667,0.0,1,rectangleH
0.90625006,0.9291667,0.0,1,rectangleH
0.048611116,0.90000004,0.0,3,rectangleH
0.1388889,0.90000004,0.0,3,rectangleH
0.22916666,0.90000004,0.0,3,rectangleH
0.31944442,0.90000004,0.0,3,rectangleH
0.40972224,0.90000004,0.0,3,rectangleH
0.5,0.90000004,0.0,3,rectangleH
0.5902778,0.90000004,0.0,3,rectangleH
0.36458334,0.87083334,0.0,2,rectangleH
0.4548611,0.87083334,0.0,2,rectangleH
0.5451389,0.87083334,0.0,2,rectangleH
0.6354166,0.87083334,0.0,2,rectangleH
0.7256944,0.87083334,0.0,2,rectangleH
0.81597227,0.87083334,0.0,2,rectangleH
0.90625006,0.87083334,0.0,2,rectangleH
0.048611116,0.8416667,0.0,1,rectangleH
0.1388889,0.8416667,0.0,1,rectangleH
0.22916666,0.8416667,0.0,1,rectangleH
0.31944442,0.8416667,0.0,1,rectangleH
0.40972224,0.8416667,0.0,1,rectangleH
0.5,0.8416667,0.0,1,rectangleH
0.5902778,0.8416667,0.0,1,rectangleH
0.36458334,0.8125,0.0,4,rectangleH
0.4548611,0.8125,0.0,4,rectangleH
0.5451389,0.8125,0.0,4,rectangleH
0.6354166,0.8125,0.0,4,rectangleH
0.7256944,0.8125,0.0,4,rectangleH
0.81597227,0.8125,0.0,4,rectangleH
0.90625006,0.8125,0.0,4,rectangleH
0.048611116,0.7833333,0.0,2,rectangleH
0.1388889,0.7833333,0.0,2,rectangleH
0.22916666,0.7833333,0.0,2,rectangleH
0.31944442,0.7833333,0.0,2,rectangleH
0.40972224,0.7833333,0.0,2,rectangleH
0.5,0.7833333,0.0,2,rectangleH
0.5902778,0.7833333,0.0,2,rectangleH
0.36458334,0.75416666,0.0,3,rectangleH
0.4548611,0.75416666,0.0,3,rectangleH
0.5451389,0.75416666,0.0,3,rectangleH
0.6354166,0.75416666,0.0,3,rectangleH
0.7256944,0.75416666,0.0,3,rectangleH
0.81597227,0.75416666,0.0,3,rectangleH
0.90625006,0.75416666,0.0,3,rectangleH
0.048611116,0.725,0.0,4,rectangleH
0.1388889,0.725,0.0,4,rectangleH
0.22916666,0.725,0.0,4,rectangleH
0.31944442,0.725,0.0,4,rectangleH
0.40972224,0.725,0.0,4,rectangleH
0.5,0.725,0.0,4,rectangleH
0.5902778,0.725,0.0,4,rectangleH
0.36458334,0.6958333,0.0,1,rectangleH
0.4548611,0.6958333,0.0,1,rectangleH
0.5451389,0.6958333,0.0,1,rectangleH
0.6354166,0.6958333,0.0,1,rectangleH
0.7256944,0.6958333,0.0,1,rectangleH
0.81597227,0.6958333,0.0,1,rectangleH
0.90625006,0.6958333,0.0,1,rectangleH
0.048611116,0.6666666,0.0,3,rectangleH
0.1388889,0.6666666,0.0,3,rectangleH
0.22916666,0.6666666,0.0,3,rectangleH
0.31944442,0.6666666,0.0,3,rectangleH
0.40972224,0.6666666,0.0,3,rectangleH
0.5,0.6666666,0.0,3,rectangleH
0.5902778,0.6666666,0.0,3,rectangleH
0.36458334,0.6375,0.0,2,rectangleH
0.4548611,0.6375,0.0,2,rectangleH
0.5451389,0.6375,0.0,2,rectangleH
0.6354166,0.6375,0.0,2,rectangleH
0.7256944,0.6375,0.0,2,rectangleH
0.81597227,0.6375,0.0,2,rectangleH
0.90625006,0.6375,0.0,2,rectangleH
0.048611116,0.60833335,0.0,1,rectangleH
0.1388889,0.60833335,0.0,1,rectangleH
0.22916666,0.60833335,0.0,1,rectangleH
0.31944442,0.60833335,0.0,1,rectangleH
0.40972224,0.60833335,0.0,1,rectangleH
0.5,0.60833335,0.0,1,rectangleH
0.5902778,0.60833335,0.0,1,rectangleH
0.36458334,0.5791667,0.0,4,rectangleH
0.4548611,0.5791667,0.0,4,rectangleH
0.5451389,0.5791667,0.0,4,rectangleH
0.6354166,0.5791667,0.0,4,rectangleH
0.7256944,0.5791667,0.0,4,rectangleH
0.81597227,0.5791667,0.0,4,rectangleH
0.90625006,0.5791667,0.0,4,rectangleH
0.048611116,0.55,0.0,2,rectangleH
0.1388889,0.55,0.0,2,rectangleH
0.22916666,0.55,0.0,2,rectangleH
0.31944442,0.55,0.0,2,rectangleH
0.40972224,0.55,0.0,2,rectangleH
0.5,0.55,0.0,2,rectangleH
0.5902778,0.55,0.0,2,rectangleH
0.36458334,0.5208334,0.0,3,rectangleH
0.4548611,0.5208334,0.0,3,rectangleH
0.5451389,0.5208334,0.0,3,rectangleH
0.6354166,0.5208334,0.0,3,rectangleH
0.7256944,0.5208334,0.0,3,rectangleH
0.81597227,0.5208334,0.0,3,rectangleH
0.90625006,0.5208334,0.0,3,rectangleH
0.048611116,0.49166664,0.0,4,rectangleH
0.1388889,0.49166664,0.0,4,rectangleH
0.22916666,0.49166664,0.0,4,rectangleH
0.31944442,0.49166664,0.0,4,rectangleH
0.40972224,0.49166664,0.0,4,rectangleH
0.5,0.49166664,0.0,4,rectangleH
0.5902778,0.49166664,0.0,4,rectangleH
